{
 "cells": [
  {
   "metadata": {
    "ExecuteTime": {
     "end_time": "2025-10-21T07:23:36.179548Z",
     "start_time": "2025-10-21T07:23:35.291073Z"
    }
   },
   "cell_type": "code",
   "source": [
    "from src.Calculations import Calculation\n",
    "from geopy.location import Point\n",
    "from src.Station import Station\n",
    "from src.Event import Event\n",
    "from src.geopackager import Interpreter\n"
   ],
   "id": "7cddc1535e61977e",
   "outputs": [],
   "execution_count": 1
  },
  {
   "metadata": {
    "ExecuteTime": {
     "end_time": "2025-10-21T07:23:36.313925Z",
     "start_time": "2025-10-21T07:23:36.200756Z"
    }
   },
   "cell_type": "code",
   "source": [
    "I1 = Interpreter()\n",
    "Stations = I1.s_gpx(r\"C:\\Users\\Irrat\\Desktop\\2024-07.BBB-BSP.gpx\")\n",
    "picks = I1.p_json(r\"C:\\Users\\Irrat\\Downloads\\from_Ivan\\3_picks\\picks_20250816_145032\\20240823_191938_247574.json\")\n",
    "C1 = Calculation(vp=8.1,vs=7.3)\n",
    "print(C1.Inverse_task(stations=Stations, picks=picks))"
   ],
   "id": "693b35f1ae0824ea",
   "outputs": [
    {
     "name": "stdout",
     "output_type": "stream",
     "text": [
      "    station   name        lat         lon    alt        P_time        S_time\n",
      "0         0  BBB01  52.887977  157.738186  342.0  1.724441e+09  1.724441e+09\n",
      "1         0  BSP18  52.864159  157.833418  421.0  1.724441e+09  1.724441e+09\n",
      "2         0  BSP16  52.863355  157.828386  402.0  1.724441e+09  1.724441e+09\n",
      "3         0  BBB05  52.865861  157.851695  503.0  1.724441e+09  1.724441e+09\n",
      "4         0  BSP24  52.861843  157.850218  420.0  1.724441e+09  1.724441e+09\n",
      "5         0  BSP28  52.865708  157.871656  466.0  1.724441e+09  1.724441e+09\n",
      "6         0  BSP11  52.860364  157.798994  388.0  1.724441e+09  1.724441e+09\n",
      "7         0  BSP29  52.865457  157.878178  461.0  1.724441e+09  1.724441e+09\n",
      "8         0  BSP20  52.863950  157.840490  415.0  1.724441e+09  1.724441e+09\n",
      "9         0  BBB03  52.865428  157.825966  412.0  1.724441e+09  1.724441e+09\n",
      "10        0  BSP13  52.861348  157.812514  383.0  1.724441e+09  1.724441e+09\n",
      "11        0  BSP30  52.867758  157.882937  477.0  1.724441e+09  1.724441e+09\n",
      "12        0  BSP23  52.860433  157.848821  431.0  1.724441e+09  1.724441e+09\n",
      "13        0  BSP26  52.860494  157.860078  447.0  1.724441e+09  1.724441e+09\n",
      "14        0  BSP14  52.861549  157.817868  382.0  1.724441e+09  1.724441e+09\n",
      "15        0  BSP31  52.869052  157.890077  511.0  1.724441e+09  1.724441e+09\n",
      "16        0  BSP32  52.872446  157.895773  489.0  1.724441e+09  1.724441e+09\n",
      "17        0  BBB02  52.877334  157.782561  379.0  1.724441e+09  1.724441e+09\n",
      "18        0  BSP12  52.860895  157.805446  394.0  1.724441e+09  1.724441e+09\n",
      "19        0  BSP19  52.859862  157.837654  439.0  1.724441e+09  1.724441e+09\n",
      "20        0  BSP09  52.862715  157.794384  370.0  1.724441e+09  1.724441e+09\n",
      "21        0  BSP10  52.867630  157.795277  365.0  1.724441e+09  1.724441e+09\n",
      "22        0  BBB06  52.859019  157.853850  429.0  1.724441e+09  1.724441e+09\n",
      "    station   name        lat         lon    alt        P_time        S_time  \\\n",
      "3         0  BBB05  52.865861  157.851695  503.0  1.724441e+09  1.724441e+09   \n",
      "22        0  BBB06  52.859019  157.853850  429.0  1.724441e+09  1.724441e+09   \n",
      "8         0  BSP20  52.863950  157.840490  415.0  1.724441e+09  1.724441e+09   \n",
      "19        0  BSP19  52.859862  157.837654  439.0  1.724441e+09  1.724441e+09   \n",
      "1         0  BSP18  52.864159  157.833418  421.0  1.724441e+09  1.724441e+09   \n",
      "2         0  BSP16  52.863355  157.828386  402.0  1.724441e+09  1.724441e+09   \n",
      "10        0  BSP13  52.861348  157.812514  383.0  1.724441e+09  1.724441e+09   \n",
      "14        0  BSP14  52.861549  157.817868  382.0  1.724441e+09  1.724441e+09   \n",
      "20        0  BSP09  52.862715  157.794384  370.0  1.724441e+09  1.724441e+09   \n",
      "21        0  BSP10  52.867630  157.795277  365.0  1.724441e+09  1.724441e+09   \n",
      "18        0  BSP12  52.860895  157.805446  394.0  1.724441e+09  1.724441e+09   \n",
      "9         0  BBB03  52.865428  157.825966  412.0  1.724441e+09  1.724441e+09   \n",
      "6         0  BSP11  52.860364  157.798994  388.0  1.724441e+09  1.724441e+09   \n",
      "17        0  BBB02  52.877334  157.782561  379.0  1.724441e+09  1.724441e+09   \n",
      "0         0  BBB01  52.887977  157.738186  342.0  1.724441e+09  1.724441e+09   \n",
      "15        0  BSP31  52.869052  157.890077  511.0  1.724441e+09  1.724441e+09   \n",
      "11        0  BSP30  52.867758  157.882937  477.0  1.724441e+09  1.724441e+09   \n",
      "5         0  BSP28  52.865708  157.871656  466.0  1.724441e+09  1.724441e+09   \n",
      "7         0  BSP29  52.865457  157.878178  461.0  1.724441e+09  1.724441e+09   \n",
      "13        0  BSP26  52.860494  157.860078  447.0  1.724441e+09  1.724441e+09   \n",
      "16        0  BSP32  52.872446  157.895773  489.0  1.724441e+09  1.724441e+09   \n",
      "4         0  BSP24  52.861843  157.850218  420.0  1.724441e+09  1.724441e+09   \n",
      "12        0  BSP23  52.860433  157.848821  431.0  1.724441e+09  1.724441e+09   \n",
      "\n",
      "               x             y             z  \n",
      "3  -3.574151e+06  1.454824e+06  5.061947e+06  \n",
      "22 -3.574727e+06  1.454901e+06  5.061428e+06  \n",
      "8  -3.573974e+06  1.455566e+06  5.061748e+06  \n",
      "19 -3.574252e+06  1.455886e+06  5.061493e+06  \n",
      "1  -3.573781e+06  1.456002e+06  5.061767e+06  \n",
      "2  -3.573708e+06  1.456338e+06  5.061698e+06  \n",
      "10 -3.573459e+06  1.457391e+06  5.061548e+06  \n",
      "14 -3.573578e+06  1.457050e+06  5.061561e+06  \n",
      "20 -3.572878e+06  1.458473e+06  5.061629e+06  \n",
      "21 -3.572494e+06  1.458251e+06  5.061956e+06  \n",
      "18 -3.573323e+06  1.457850e+06  5.061526e+06  \n",
      "9  -3.573482e+06  1.456422e+06  5.061845e+06  \n",
      "6  -3.573199e+06  1.458269e+06  5.061486e+06  \n",
      "17 -3.571381e+06  1.458722e+06  5.062619e+06  \n",
      "0  -3.569356e+06  1.461121e+06  5.063304e+06  \n",
      "15 -3.574867e+06  1.452324e+06  5.062168e+06  \n",
      "11 -3.574773e+06  1.452805e+06  5.062054e+06  \n",
      "5  -3.574650e+06  1.453575e+06  5.061907e+06  \n",
      "7  -3.574833e+06  1.453175e+06  5.061886e+06  \n",
      "13 -3.574774e+06  1.454467e+06  5.061542e+06  \n",
      "16 -3.574720e+06  1.451851e+06  5.062378e+06  \n",
      "4  -3.574397e+06  1.455031e+06  5.061611e+06  \n",
      "12 -3.574484e+06  1.455168e+06  5.061525e+06  \n",
      "    station   name        lat         lon    alt        P_time        S_time  \\\n",
      "0         0  BBB05  52.865861  157.851695  503.0  1.724441e+09  1.724441e+09   \n",
      "1         0  BBB06  52.859019  157.853850  429.0  1.724441e+09  1.724441e+09   \n",
      "2         0  BSP20  52.863950  157.840490  415.0  1.724441e+09  1.724441e+09   \n",
      "3         0  BSP19  52.859862  157.837654  439.0  1.724441e+09  1.724441e+09   \n",
      "4         0  BSP18  52.864159  157.833418  421.0  1.724441e+09  1.724441e+09   \n",
      "5         0  BSP16  52.863355  157.828386  402.0  1.724441e+09  1.724441e+09   \n",
      "6         0  BSP13  52.861348  157.812514  383.0  1.724441e+09  1.724441e+09   \n",
      "7         0  BSP14  52.861549  157.817868  382.0  1.724441e+09  1.724441e+09   \n",
      "8         0  BSP09  52.862715  157.794384  370.0  1.724441e+09  1.724441e+09   \n",
      "9         0  BSP10  52.867630  157.795277  365.0  1.724441e+09  1.724441e+09   \n",
      "10        0  BSP12  52.860895  157.805446  394.0  1.724441e+09  1.724441e+09   \n",
      "11        0  BBB03  52.865428  157.825966  412.0  1.724441e+09  1.724441e+09   \n",
      "12        0  BSP11  52.860364  157.798994  388.0  1.724441e+09  1.724441e+09   \n",
      "13        0  BBB02  52.877334  157.782561  379.0  1.724441e+09  1.724441e+09   \n",
      "14        0  BBB01  52.887977  157.738186  342.0  1.724441e+09  1.724441e+09   \n",
      "15        0  BSP31  52.869052  157.890077  511.0  1.724441e+09  1.724441e+09   \n",
      "16        0  BSP30  52.867758  157.882937  477.0  1.724441e+09  1.724441e+09   \n",
      "17        0  BSP28  52.865708  157.871656  466.0  1.724441e+09  1.724441e+09   \n",
      "18        0  BSP29  52.865457  157.878178  461.0  1.724441e+09  1.724441e+09   \n",
      "19        0  BSP26  52.860494  157.860078  447.0  1.724441e+09  1.724441e+09   \n",
      "20        0  BSP32  52.872446  157.895773  489.0  1.724441e+09  1.724441e+09   \n",
      "21        0  BSP24  52.861843  157.850218  420.0  1.724441e+09  1.724441e+09   \n",
      "22        0  BSP23  52.860433  157.848821  431.0  1.724441e+09  1.724441e+09   \n",
      "\n",
      "               x             y             z  \n",
      "0  -3.574151e+06  1.454824e+06  5.061947e+06  \n",
      "1  -3.574727e+06  1.454901e+06  5.061428e+06  \n",
      "2  -3.573974e+06  1.455566e+06  5.061748e+06  \n",
      "3  -3.574252e+06  1.455886e+06  5.061493e+06  \n",
      "4  -3.573781e+06  1.456002e+06  5.061767e+06  \n",
      "5  -3.573708e+06  1.456338e+06  5.061698e+06  \n",
      "6  -3.573459e+06  1.457391e+06  5.061548e+06  \n",
      "7  -3.573578e+06  1.457050e+06  5.061561e+06  \n",
      "8  -3.572878e+06  1.458473e+06  5.061629e+06  \n",
      "9  -3.572494e+06  1.458251e+06  5.061956e+06  \n",
      "10 -3.573323e+06  1.457850e+06  5.061526e+06  \n",
      "11 -3.573482e+06  1.456422e+06  5.061845e+06  \n",
      "12 -3.573199e+06  1.458269e+06  5.061486e+06  \n",
      "13 -3.571381e+06  1.458722e+06  5.062619e+06  \n",
      "14 -3.569356e+06  1.461121e+06  5.063304e+06  \n",
      "15 -3.574867e+06  1.452324e+06  5.062168e+06  \n",
      "16 -3.574773e+06  1.452805e+06  5.062054e+06  \n",
      "17 -3.574650e+06  1.453575e+06  5.061907e+06  \n",
      "18 -3.574833e+06  1.453175e+06  5.061886e+06  \n",
      "19 -3.574774e+06  1.454467e+06  5.061542e+06  \n",
      "20 -3.574720e+06  1.451851e+06  5.062378e+06  \n",
      "21 -3.574397e+06  1.455031e+06  5.061611e+06  \n",
      "22 -3.574484e+06  1.455168e+06  5.061525e+06  \n",
      "Начальное предположение координат эпицентра -3573706.855325549 1455890.2120391696 5061853.289266452\n",
      "    station   name        lat         lon    alt        P_time        S_time  \\\n",
      "0         0  BBB05  52.865861  157.851695  503.0  1.724441e+09  1.724441e+09   \n",
      "1         0  BBB06  52.859019  157.853850  429.0  1.724441e+09  1.724441e+09   \n",
      "2         0  BSP20  52.863950  157.840490  415.0  1.724441e+09  1.724441e+09   \n",
      "3         0  BSP19  52.859862  157.837654  439.0  1.724441e+09  1.724441e+09   \n",
      "4         0  BSP18  52.864159  157.833418  421.0  1.724441e+09  1.724441e+09   \n",
      "5         0  BSP16  52.863355  157.828386  402.0  1.724441e+09  1.724441e+09   \n",
      "6         0  BSP13  52.861348  157.812514  383.0  1.724441e+09  1.724441e+09   \n",
      "7         0  BSP14  52.861549  157.817868  382.0  1.724441e+09  1.724441e+09   \n",
      "8         0  BSP09  52.862715  157.794384  370.0  1.724441e+09  1.724441e+09   \n",
      "9         0  BSP10  52.867630  157.795277  365.0  1.724441e+09  1.724441e+09   \n",
      "10        0  BSP12  52.860895  157.805446  394.0  1.724441e+09  1.724441e+09   \n",
      "11        0  BBB03  52.865428  157.825966  412.0  1.724441e+09  1.724441e+09   \n",
      "12        0  BSP11  52.860364  157.798994  388.0  1.724441e+09  1.724441e+09   \n",
      "13        0  BBB02  52.877334  157.782561  379.0  1.724441e+09  1.724441e+09   \n",
      "14        0  BBB01  52.887977  157.738186  342.0  1.724441e+09  1.724441e+09   \n",
      "15        0  BSP31  52.869052  157.890077  511.0  1.724441e+09  1.724441e+09   \n",
      "16        0  BSP30  52.867758  157.882937  477.0  1.724441e+09  1.724441e+09   \n",
      "17        0  BSP28  52.865708  157.871656  466.0  1.724441e+09  1.724441e+09   \n",
      "18        0  BSP29  52.865457  157.878178  461.0  1.724441e+09  1.724441e+09   \n",
      "19        0  BSP26  52.860494  157.860078  447.0  1.724441e+09  1.724441e+09   \n",
      "20        0  BSP32  52.872446  157.895773  489.0  1.724441e+09  1.724441e+09   \n",
      "21        0  BSP24  52.861843  157.850218  420.0  1.724441e+09  1.724441e+09   \n",
      "22        0  BSP23  52.860433  157.848821  431.0  1.724441e+09  1.724441e+09   \n",
      "\n",
      "               x             y             z         dist  \n",
      "0  -3.574151e+06  1.454824e+06  5.061947e+06  2018.747597  \n",
      "1  -3.574727e+06  1.454901e+06  5.061428e+06  2011.776801  \n",
      "2  -3.573974e+06  1.455566e+06  5.061748e+06  2003.334469  \n",
      "3  -3.574252e+06  1.455886e+06  5.061493e+06  2011.627259  \n",
      "4  -3.573781e+06  1.456002e+06  5.061767e+06  2005.931422  \n",
      "5  -3.573708e+06  1.456338e+06  5.061698e+06  1996.752416  \n",
      "6  -3.573459e+06  1.457391e+06  5.061548e+06  1993.258920  \n",
      "7  -3.573578e+06  1.457050e+06  5.061561e+06  1976.309443  \n",
      "8  -3.572878e+06  1.458473e+06  5.061629e+06  2115.512912  \n",
      "9  -3.572494e+06  1.458251e+06  5.061956e+06  2109.886541  \n",
      "10 -3.573323e+06  1.457850e+06  5.061526e+06  2037.632547  \n",
      "11 -3.573482e+06  1.456422e+06  5.061845e+06  2007.695343  \n",
      "12 -3.573199e+06  1.458269e+06  5.061486e+06  2033.461569  \n",
      "13 -3.571381e+06  1.458722e+06  5.062619e+06  2101.936519  \n",
      "14 -3.569356e+06  1.461121e+06  5.063304e+06  2125.920180  \n",
      "15 -3.574867e+06  1.452324e+06  5.062168e+06  1864.852414  \n",
      "16 -3.574773e+06  1.452805e+06  5.062054e+06  1870.427028  \n",
      "17 -3.574650e+06  1.453575e+06  5.061907e+06  1896.632203  \n",
      "18 -3.574833e+06  1.453175e+06  5.061886e+06  1865.877933  \n",
      "19 -3.574774e+06  1.454467e+06  5.061542e+06  1919.006313  \n",
      "20 -3.574720e+06  1.451851e+06  5.062378e+06  1856.063209  \n",
      "21 -3.574397e+06  1.455031e+06  5.061611e+06  1919.882978  \n",
      "22 -3.574484e+06  1.455168e+06  5.061525e+06  1916.972316  \n",
      "Optimization terminated successfully.\n",
      "         Current function value: 40695328.888232\n",
      "         Iterations: 145\n",
      "         Function evaluations: 260\n",
      "Эпицентр найден\n",
      "[np.float64(-3572847.2927466026), np.float64(1455581.3958579453), np.float64(5062551.978189846)]\n"
     ]
    }
   ],
   "execution_count": 2
  },
  {
   "metadata": {
    "ExecuteTime": {
     "end_time": "2025-10-21T07:23:36.325610Z",
     "start_time": "2025-10-21T07:23:36.319626Z"
    }
   },
   "cell_type": "code",
   "source": "",
   "id": "e8c3a6889be768d3",
   "outputs": [],
   "execution_count": null
  }
 ],
 "metadata": {
  "kernelspec": {
   "name": "python3",
   "language": "python",
   "display_name": "Python 3 (ipykernel)"
  }
 },
 "nbformat": 4,
 "nbformat_minor": 5
}
